0000: 00 01 00 01 04 1b 24 b0 
0008: 3c 27 70 10 30 1e 62 8d 
0010: 00 af bc 01 00 22 1c 00 
0018: 64 40 00 00 00 79 00 00 
0020: 08 d6 01 c7 00 00 1b d5 
0028: 00 01 02 9c 80 00 80 00 
0030: 14 01 11 00 80 1f 04 00 
0038: 08 05 40 00 0e 0b 70 00 
0040: 00 32 07 42 21 20 31 00 
0048: 04 9f 01 1b 28 8d 01 00 
0050: 1c 70 34 40 10 00 30 ea 
0058: cc 00 00 00 00 00 ff fc 
0060: 01 02 00 00 00 00 20 00 
0068: 00 02 02 02 03 03 08 a0 
0070: c1 1a 06 d2 01 a8 0a b4 
0078: 00 14 05 00 00 eb 02 01 
0080: 00 7c 17 0c 17 44 57 60 
0088: 76 dc 37 7c 56 f2 37 b2 
0090: 38 1e 02 5b 02 76 02 eb 
0098: 03 21 03 60 03 d5 04 14 
00a0: 04 c8 33 33 33 33 a0 04 
00a8: 00 00 03 ec 00 00 00 11 
00b0: 72 10 3c 32 00 37 24 1e 
00b8: ad dc 00 00 81 00 f3 00 
00c0: 42 80 d5 00 15 00 02 7f 
00c8: 00 00 00 00 00 00 00 00 
00d0: 00 00 00 00 00 00 00 00 
00d8: 00 00 00 00 40 00 00 00 
00e0: 00 00 00 00 00 00 00 00 
00e8: 00 00 00 00 00 00 00 00 
00f0: 00 00 00 00 00 00 00 00 
00f8: 00 00 00 00 00 00 00 00 
